3.185735e-02 2.307283e-02
3.185735e-02 2.526935e-02
2.966163e-02 1.977764e-02
2.856366e-02 2.087609e-02
2.856366e-02 1.867915e-02
3.185735e-02 2.197448e-02
3.734527e-02 2.417112e-02
3.734527e-02 2.417112e-02
3.734527e-02 2.417112e-02
3.734527e-02 2.417112e-02
3.734527e-02 2.417112e-02
3.624785e-02 2.526935e-02
3.624785e-02 2.307283e-02
3.515035e-02 2.636751e-02
3.515035e-02 2.746562e-02
4.502450e-02 1.538340e-02
4.502450e-02 1.538340e-02
4.502450e-02 1.538340e-02
4.502450e-02 1.538340e-02
4.502450e-02 1.538340e-02
3.405277e-02 2.087609e-02
3.405277e-02 2.526935e-02
3.185735e-02 2.636751e-02
4.392777e-02 1.648202e-02
4.063696e-02 1.977764e-02
3.405277e-02 2.856366e-02
3.405277e-02 2.856366e-02
3.405277e-02 2.856366e-02
2.966163e-02 3.185735e-02
2.746562e-02 8.790982e-03
3.185735e-02 2.636751e-02
3.515035e-02 3.185735e-02
3.624785e-02 2.417112e-02
3.624785e-02 3.075953e-02
3.515035e-02 2.966163e-02
3.515035e-02 2.966163e-02
3.405277e-02 2.087609e-02
3.405277e-02 2.087609e-02
3.405277e-02 2.087609e-02
3.295510e-02 2.307283e-02
2.966163e-02 1.867915e-02
3.295510e-02 2.746562e-02
3.953982e-02 2.197448e-02
3.624785e-02 3.405277e-02
3.295510e-02 2.307283e-02
3.295510e-02 2.307283e-02
3.295510e-02 2.307283e-02
3.295510e-02 2.307283e-02
3.295510e-02 2.307283e-02
3.405277e-02 2.856366e-02
3.624785e-02 3.515035e-02
3.405277e-02 2.856366e-02
3.295510e-02 3.185735e-02
3.295510e-02 2.856366e-02
3.295510e-02 2.856366e-02
3.295510e-02 2.856366e-02
3.295510e-02 2.856366e-02
3.295510e-02 2.856366e-02
3.185735e-02 3.405277e-02
3.295510e-02 3.075953e-02
3.075953e-02 2.856366e-02
3.515035e-02 2.856366e-02
4.173400e-02 2.197448e-02
3.295510e-02 2.856366e-02
3.295510e-02 2.856366e-02
3.295510e-02 2.856366e-02
3.405277e-02 3.405277e-02
3.295510e-02 3.185735e-02
3.515035e-02 2.966163e-02
3.624785e-02 3.295510e-02
3.953982e-02 2.966163e-02
3.844259e-02 3.734527e-02
3.844259e-02 3.515035e-02
3.844259e-02 3.515035e-02
3.844259e-02 3.515035e-02
3.844259e-02 3.515035e-02
3.295510e-02 3.624785e-02
3.405277e-02 3.515035e-02
3.295510e-02 3.405277e-02
3.844259e-02 3.844259e-02
3.405277e-02 3.624785e-02
2.966163e-02 3.515035e-02
2.966163e-02 3.515035e-02
2.966163e-02 3.515035e-02
2.966163e-02 3.515035e-02
2.966163e-02 3.515035e-02
3.624785e-02 4.173400e-02
3.515035e-02 3.515035e-02
3.844259e-02 3.734527e-02
3.405277e-02 3.624785e-02
3.515035e-02 3.515035e-02
3.515035e-02 3.515035e-02
3.515035e-02 3.515035e-02
3.515035e-02 3.515035e-02
3.624785e-02 3.405277e-02
3.515035e-02 3.405277e-02
3.624785e-02 3.515035e-02
3.405277e-02 3.405277e-02
3.734527e-02 3.734527e-02
3.624785e-02 3.624785e-02
3.844259e-02 3.075953e-02
3.624785e-02 3.405277e-02
3.515035e-02 3.515035e-02
3.624785e-02 3.624785e-02
3.515035e-02 3.734527e-02
3.185735e-02 3.515035e-02
3.734527e-02 3.953982e-02
3.405277e-02 3.075953e-02
3.185735e-02 3.075953e-02
3.185735e-02 3.075953e-02
3.185735e-02 3.075953e-02
3.295510e-02 3.734527e-02
3.295510e-02 3.734527e-02
3.295510e-02 3.405277e-02
3.515035e-02 3.844259e-02
3.295510e-02 3.515035e-02
3.295510e-02 3.295510e-02
3.295510e-02 3.295510e-02
3.295510e-02 3.295510e-02
4.063696e-02 2.087609e-02
3.405277e-02 3.405277e-02
3.295510e-02 3.515035e-02
3.185735e-02 3.515035e-02
3.295510e-02 3.185735e-02
3.405277e-02 3.075953e-02
3.295510e-02 3.515035e-02
3.734527e-02 2.746562e-02
4.063696e-02 2.307283e-02
3.295510e-02 3.075953e-02
3.295510e-02 3.295510e-02
3.295510e-02 3.295510e-02
3.515035e-02 2.856366e-02
3.075953e-02 3.295510e-02
3.295510e-02 3.075953e-02
3.624785e-02 2.856366e-02
3.624785e-02 3.185735e-02
3.624785e-02 3.075953e-02
3.405277e-02 3.295510e-02
3.624785e-02 3.185735e-02
3.624785e-02 3.185735e-02
3.624785e-02 3.185735e-02
3.405277e-02 2.966163e-02
3.515035e-02 3.075953e-02
3.734527e-02 2.856366e-02
3.515035e-02 2.966163e-02
2.417112e-02 5.379420e-02
3.844259e-02 2.526935e-02
3.844259e-02 2.307283e-02
8.004836e-02 3.624785e-02
8.004836e-02 3.624785e-02
3.405277e-02 3.185735e-02
3.734527e-02 2.636751e-02
3.515035e-02 3.075953e-02
3.624785e-02 2.966163e-02
3.624785e-02 2.746562e-02
3.734527e-02 2.746562e-02
3.624785e-02 2.746562e-02
4.173400e-02 1.867915e-02
4.173400e-02 1.867915e-02
3.515035e-02 2.966163e-02
3.624785e-02 2.856366e-02
3.624785e-02 2.636751e-02
3.624785e-02 2.966163e-02
3.624785e-02 3.075953e-02
3.515035e-02 3.075953e-02
3.405277e-02 2.856366e-02
3.953982e-02 2.197448e-02
3.624785e-02 2.856366e-02
3.405277e-02 2.856366e-02
3.405277e-02 2.526935e-02
3.295510e-02 3.185735e-02
3.295510e-02 3.075953e-02
3.953982e-02 3.844259e-02
3.953982e-02 3.844259e-02
3.295510e-02 3.295510e-02
3.405277e-02 2.636751e-02
3.734527e-02 2.417112e-02
3.515035e-02 2.746562e-02
3.515035e-02 2.746562e-02
3.405277e-02 2.856366e-02
3.295510e-02 2.526935e-02
3.185735e-02 2.966163e-02
3.405277e-02 2.856366e-02
3.405277e-02 2.856366e-02
3.515035e-02 2.746562e-02
3.515035e-02 2.746562e-02
3.515035e-02 2.966163e-02
3.405277e-02 2.856366e-02
3.295510e-02 3.075953e-02
3.075953e-02 2.746562e-02
4.063696e-02 4.063696e-02
3.405277e-02 2.746562e-02
3.405277e-02 2.526935e-02
3.405277e-02 2.526935e-02
3.295510e-02 2.197448e-02
3.185735e-02 2.636751e-02
2.966163e-02 2.746562e-02
3.295510e-02 2.746562e-02
3.075953e-02 2.636751e-02
3.295510e-02 2.966163e-02
3.515035e-02 3.295510e-02
3.734527e-02 3.075953e-02
3.295510e-02 2.856366e-02
3.515035e-02 2.526935e-02
3.405277e-02 2.636751e-02
3.515035e-02 2.636751e-02
3.515035e-02 2.746562e-02
3.515035e-02 2.856366e-02
3.295510e-02 2.636751e-02
4.173400e-02 2.856366e-02
3.624785e-02 2.966163e-02
3.624785e-02 2.746562e-02
4.721763e-02 1.538340e-02
4.721763e-02 1.538340e-02
3.515035e-02 2.417112e-02
3.405277e-02 2.746562e-02
3.405277e-02 2.856366e-02
3.405277e-02 2.746562e-02
3.515035e-02 2.746562e-02
3.953982e-02 3.844259e-02
4.612112e-02 4.392777e-02
3.953982e-02 9.889787e-03
3.953982e-02 9.889787e-03
3.953982e-02 9.889787e-03
3.185735e-02 2.197448e-02
3.405277e-02 2.526935e-02
