9.889787e-03 5.494450e-03
9.889787e-03 5.494450e-03
9.889787e-03 5.494450e-03
9.889787e-03 5.494450e-03
9.889787e-03 5.494450e-03
9.889787e-03 5.494450e-03
1.428474e-02 6.593311e-03
1.428474e-02 6.593311e-03
2.087609e-02 7.692156e-03
2.087609e-02 7.692156e-03
2.087609e-02 7.692156e-03
2.526935e-02 1.648202e-02
2.526935e-02 1.648202e-02
2.087609e-02 3.296691e-03
2.087609e-02 3.296691e-03
2.197448e-02 5.494450e-03
2.417112e-02 8.790982e-03
2.087609e-02 6.593311e-03
1.867915e-02 3.296691e-03
1.428474e-02 5.494450e-03
2.197448e-02 2.197799e-03
2.307283e-02 8.790982e-03
1.977764e-02 0.000000e+00
2.636751e-02 1.428474e-02
5.494450e-03 1.098857e-02
8.790982e-03 1.538340e-02
8.790982e-03 1.538340e-02
8.790982e-03 1.538340e-02
4.173400e-02 2.197799e-03
2.966163e-02 1.208732e-02
2.966163e-02 1.208732e-02
3.405277e-02 1.648202e-02
3.185735e-02 1.758061e-02
2.636751e-02 5.494450e-03
2.966163e-02 8.790982e-03
1.318605e-02 1.538340e-02
3.624785e-02 6.593311e-03
2.197448e-02 3.296691e-03
1.601550e-01 1.451263e-01
9.889787e-03 4.721763e-02
1.208732e-02 1.428474e-02
3.734527e-02 1.208732e-02
4.941030e-02 2.856366e-02
3.953982e-02 1.867915e-02
3.953982e-02 1.867915e-02
3.953982e-02 1.867915e-02
3.953982e-02 1.867915e-02
3.953982e-02 1.867915e-02
3.953982e-02 1.867915e-02
3.953982e-02 1.867915e-02
3.953982e-02 1.867915e-02
3.953982e-02 1.867915e-02
3.953982e-02 1.867915e-02
3.953982e-02 1.867915e-02
3.953982e-02 1.867915e-02
3.953982e-02 1.867915e-02
4.831402e-02 1.098901e-03
4.831402e-02 1.098901e-03
4.831402e-02 1.098901e-03
5.927115e-02 1.428474e-02
4.941030e-02 3.296691e-03
7.021406e-02 3.515035e-02
4.721763e-02 5.494450e-03
4.721763e-02 3.296691e-03
4.721763e-02 3.296691e-03
4.721763e-02 3.296691e-03
4.721763e-02 3.296691e-03
5.379420e-02 2.197799e-03
4.502450e-02 1.648202e-02
4.502450e-02 1.538340e-02
4.612112e-02 1.428474e-02
4.612112e-02 1.428474e-02
4.283093e-02 2.197448e-02
4.392777e-02 2.417112e-02
5.160250e-02 2.307283e-02
3.185735e-02 5.050646e-02
6.693283e-02 9.889787e-03
8.004836e-02 1.098901e-03
8.223173e-02 4.395576e-03
7.240070e-02 1.428474e-02
8.004836e-02 1.098857e-02
7.349377e-02 1.538340e-02
7.458665e-02 8.790982e-03
7.130746e-02 1.208732e-02
7.895639e-02 8.790982e-03
7.677189e-02 1.318605e-02
8.223173e-02 1.208732e-02
8.223173e-02 1.098857e-02
8.550529e-02 1.977764e-02
7.567936e-02 2.087609e-02
8.441431e-02 1.208732e-02
8.114014e-02 2.197799e-03
7.677189e-02 1.098901e-03
6.693283e-02 1.098857e-02
6.036613e-02 1.098857e-02
5.379420e-02 1.648202e-02
5.269842e-02 1.538340e-02
4.502450e-02 1.318605e-02
5.269842e-02 1.538340e-02
4.941030e-02 1.428474e-02
4.941030e-02 1.428474e-02
6.036613e-02 2.307283e-02
5.488986e-02 1.977764e-02
5.488986e-02 2.307283e-02
4.502450e-02 1.538340e-02
4.831402e-02 1.538340e-02
3.734527e-02 1.098857e-02
4.612112e-02 6.593311e-03
4.502450e-02 1.428474e-02
3.624785e-02 0.000000e+00
5.050646e-02 3.295510e-02
6.255564e-02 1.977764e-02
5.269842e-02 3.185735e-02
4.392777e-02 2.636751e-02
3.734527e-02 1.208732e-02
3.075953e-02 2.197448e-02
3.075953e-02 2.197448e-02
2.746562e-02 2.636751e-02
2.197448e-02 2.197448e-02
2.197448e-02 2.197448e-02
2.197448e-02 2.197448e-02
2.197448e-02 2.197448e-02
2.197448e-02 2.197448e-02
2.197448e-02 2.197448e-02
2.197448e-02 2.197448e-02
2.197448e-02 2.197448e-02
2.197448e-02 2.197448e-02
2.197448e-02 2.197448e-02
2.197448e-02 2.197448e-02
2.197448e-02 2.197448e-02
2.197448e-02 2.197448e-02
2.197448e-02 2.197448e-02
2.197448e-02 2.197448e-02
2.197448e-02 2.197448e-02
2.526935e-02 3.185735e-02
2.636751e-02 3.185735e-02
2.636751e-02 3.185735e-02
2.636751e-02 3.185735e-02
2.636751e-02 3.185735e-02
2.636751e-02 3.185735e-02
2.636751e-02 3.185735e-02
2.636751e-02 3.185735e-02
1.977764e-02 3.734527e-02
1.977764e-02 3.734527e-02
2.746562e-02 3.405277e-02
2.746562e-02 3.405277e-02
3.844259e-02 1.977764e-02
3.185735e-02 3.295510e-02
3.844259e-02 3.515035e-02
2.417112e-02 2.966163e-02
2.856366e-02 3.405277e-02
3.295510e-02 3.515035e-02
2.417112e-02 3.734527e-02
1.758061e-02 3.185735e-02
1.758061e-02 3.185735e-02
1.758061e-02 3.185735e-02
1.758061e-02 3.185735e-02
1.758061e-02 3.185735e-02
2.307283e-02 3.953982e-02
3.405277e-02 2.197448e-02
2.636751e-02 2.966163e-02
2.087609e-02 3.844259e-02
3.075953e-02 4.173400e-02
2.636751e-02 3.515035e-02
2.526935e-02 3.185735e-02
2.526935e-02 3.185735e-02
2.526935e-02 3.185735e-02
2.636751e-02 3.185735e-02
3.515035e-02 4.283093e-02
4.063696e-02 3.844259e-02
3.075953e-02 4.502450e-02
2.307283e-02 3.844259e-02
2.856366e-02 4.502450e-02
1.977764e-02 3.515035e-02
2.746562e-02 5.160250e-02
1.977764e-02 4.063696e-02
1.977764e-02 4.063696e-02
1.977764e-02 4.063696e-02
1.977764e-02 4.063696e-02
1.977764e-02 4.063696e-02
1.977764e-02 4.063696e-02
1.977764e-02 4.063696e-02
1.977764e-02 4.063696e-02
1.977764e-02 4.063696e-02
1.977764e-02 4.063696e-02
1.977764e-02 4.063696e-02
1.977764e-02 4.063696e-02
1.977764e-02 4.063696e-02
1.758061e-02 4.612112e-02
1.758061e-02 4.612112e-02
1.758061e-02 4.612112e-02
1.758061e-02 4.612112e-02
1.758061e-02 4.612112e-02
1.758061e-02 4.612112e-02
1.758061e-02 4.612112e-02
1.758061e-02 4.612112e-02
1.758061e-02 4.612112e-02
1.758061e-02 4.612112e-02
1.758061e-02 3.624785e-02
2.197448e-02 4.612112e-02
2.197448e-02 4.612112e-02
1.648202e-02 4.941030e-02
1.758061e-02 4.612112e-02
1.538340e-02 4.831402e-02
2.417112e-02 4.502450e-02
1.208732e-02 5.050646e-02
3.624785e-02 2.197448e-02
3.624785e-02 1.758061e-02
1.758061e-02 4.392777e-02
2.417112e-02 2.966163e-02
1.977764e-02 3.405277e-02
1.977764e-02 4.173400e-02
1.648202e-02 3.953982e-02
4.941030e-02 3.296691e-03
2.966163e-02 4.063696e-02
1.208732e-02 4.502450e-02
1.208732e-02 4.502450e-02
1.208732e-02 4.502450e-02
1.208732e-02 4.502450e-02
7.130746e-02 6.593311e-03
5.379420e-02 9.889787e-03
5.379420e-02 9.889787e-03
5.379420e-02 9.889787e-03
5.379420e-02 9.889787e-03
5.379420e-02 9.889787e-03
5.379420e-02 9.889787e-03
5.379420e-02 9.889787e-03
5.379420e-02 9.889787e-03
7.130746e-02 1.758061e-02
7.130746e-02 1.758061e-02
7.130746e-02 1.758061e-02
7.130746e-02 1.758061e-02
7.130746e-02 1.758061e-02
5.494450e-03 5.708078e-02
6.593311e-03 6.036613e-02
6.593311e-03 6.036613e-02
6.036613e-02 1.648202e-02
8.114014e-02 7.692156e-03
5.598539e-02 9.889787e-03
7.130746e-02 4.395576e-03
7.349377e-02 1.538340e-02
6.802674e-02 1.208732e-02
6.802674e-02 1.977764e-02
7.895639e-02 1.758061e-02
7.458665e-02 1.318605e-02
9.313636e-02 2.087609e-02
8.223173e-02 1.648202e-02
8.114014e-02 1.758061e-02
1.213784e-01 3.734527e-02
5.050646e-02 1.867915e-02
3.005054e-01 5.269842e-02
2.681108e-01 1.648202e-02
4.063696e-02 1.867915e-02
3.405277e-02 1.098901e-03
3.405277e-02 1.098901e-03
3.405277e-02 1.098901e-03
3.405277e-02 1.098901e-03
3.405277e-02 1.098901e-03
3.405277e-02 1.098901e-03
3.405277e-02 1.098901e-03
3.405277e-02 1.098901e-03
3.405277e-02 1.098901e-03
3.405277e-02 1.098901e-03
3.405277e-02 1.098901e-03
3.405277e-02 1.098901e-03
3.405277e-02 1.098901e-03
3.405277e-02 1.098901e-03
3.405277e-02 1.098901e-03
3.405277e-02 1.098901e-03
3.405277e-02 1.098901e-03
3.405277e-02 1.098901e-03
3.405277e-02 1.098901e-03
3.405277e-02 1.098901e-03
3.405277e-02 1.098901e-03
3.405277e-02 1.098901e-03
3.405277e-02 1.098901e-03
3.405277e-02 1.098901e-03
3.405277e-02 1.098901e-03
3.405277e-02 1.098901e-03
3.405277e-02 1.098901e-03
3.405277e-02 1.098901e-03
3.405277e-02 1.098901e-03
3.405277e-02 1.098901e-03
3.405277e-02 1.098901e-03
3.405277e-02 1.098901e-03
3.405277e-02 1.098901e-03
2.636751e-02 7.567936e-02
2.526935e-02 8.332312e-02
2.856366e-02 8.223173e-02
2.856366e-02 8.223173e-02
2.856366e-02 8.223173e-02
2.856366e-02 8.223173e-02
2.856366e-02 8.223173e-02
2.526935e-02 7.677189e-02
1.569404e-01 0.000000e+00
1.751110e-01 2.636751e-02
3.185735e-02 9.095712e-02
2.966163e-02 8.441431e-02
2.966163e-02 8.768666e-02
2.966163e-02 8.768666e-02
3.734527e-02 9.749214e-02
3.295510e-02 8.986718e-02
3.185735e-02 8.659608e-02
2.636751e-02 9.749214e-02
2.526935e-02 8.550529e-02
2.417112e-02 9.966865e-02
2.417112e-02 9.858051e-02
2.417112e-02 9.640354e-02
1.867915e-02 1.029316e-01
1.977764e-02 1.018442e-01
1.977764e-02 1.018442e-01
1.977764e-02 1.018442e-01
1.977764e-02 1.018442e-01
1.977764e-02 1.018442e-01
1.977764e-02 1.018442e-01
1.977764e-02 1.018442e-01
1.977764e-02 1.018442e-01
1.977764e-02 1.018442e-01
1.977764e-02 1.018442e-01
1.977764e-02 1.018442e-01
1.977764e-02 1.018442e-01
1.977764e-02 1.018442e-01
1.977764e-02 1.018442e-01
1.977764e-02 1.018442e-01
1.977764e-02 1.018442e-01
1.977764e-02 1.018442e-01
1.977764e-02 1.018442e-01
1.977764e-02 1.018442e-01
1.977764e-02 1.018442e-01
1.977764e-02 1.018442e-01
1.977764e-02 1.018442e-01
1.977764e-02 1.018442e-01
1.977764e-02 1.018442e-01
1.977764e-02 1.018442e-01
1.977764e-02 1.018442e-01
1.977764e-02 1.018442e-01
1.977764e-02 1.018442e-01
1.977764e-02 1.018442e-01
1.977764e-02 1.018442e-01
1.977764e-02 1.018442e-01
1.977764e-02 1.018442e-01
1.977764e-02 1.018442e-01
1.977764e-02 1.018442e-01
1.977764e-02 1.018442e-01
1.977764e-02 1.018442e-01
1.977764e-02 1.018442e-01
1.977764e-02 1.018442e-01
1.758061e-02 5.598539e-02
3.624785e-02 3.844259e-02
2.966163e-02 4.941030e-02
3.405277e-02 4.173400e-02
3.734527e-02 3.295510e-02
3.953982e-02 3.624785e-02
3.953982e-02 5.160250e-02
3.844259e-02 3.734527e-02
3.734527e-02 4.941030e-02
3.515035e-02 4.392777e-02
3.734527e-02 5.598539e-02
3.734527e-02 4.941030e-02
3.515035e-02 4.721763e-02
4.283093e-02 2.746562e-02
3.624785e-02 5.160250e-02
3.515035e-02 4.721763e-02
3.844259e-02 5.160250e-02
3.515035e-02 4.502450e-02
3.295510e-02 4.612112e-02
2.417112e-02 6.146096e-02
3.734527e-02 4.612112e-02
3.953982e-02 2.856366e-02
3.295510e-02 4.612112e-02
4.063696e-02 4.941030e-02
3.734527e-02 4.941030e-02
2.636751e-02 3.405277e-02
3.185735e-02 2.636751e-02
2.636751e-02 2.856366e-02
4.063696e-02 2.526935e-02
2.087609e-02 1.977764e-02
2.417112e-02 2.417112e-02
1.867915e-02 2.307283e-02
1.867915e-02 2.307283e-02
2.197799e-03 5.817604e-02
2.636751e-02 2.966163e-02
2.197448e-02 3.185735e-02
2.526935e-02 3.844259e-02
2.966163e-02 4.283093e-02
3.624785e-02 4.063696e-02
4.173400e-02 5.708078e-02
4.721763e-02 2.087609e-02
3.624785e-02 5.050646e-02
2.526935e-02 1.208732e-02
4.283093e-02 2.087609e-02
4.941030e-02 9.889787e-03
1.428474e-02 7.692156e-03
5.379420e-02 6.802674e-02
2.197448e-02 8.790982e-03
2.417112e-02 2.636751e-02
5.379420e-02 2.197799e-03
4.941030e-02 4.395576e-03
5.598539e-02 1.098901e-03
2.307283e-02 2.307283e-02
2.966163e-02 3.515035e-02
2.417112e-02 2.966163e-02
2.197448e-02 2.087609e-02
2.746562e-02 2.746562e-02
4.612112e-02 1.538340e-02
6.365017e-02 1.648202e-02
1.318605e-02 3.515035e-02
7.021406e-02 1.428474e-02
1.318605e-02 1.758061e-02
2.307283e-02 1.098857e-02
6.365017e-02 6.255564e-02
7.240070e-02 3.295510e-02
6.583877e-02 8.790982e-03
3.405277e-02 2.856366e-02
3.405277e-02 2.526935e-02
3.844259e-02 2.526935e-02
2.417112e-02 1.867915e-02
4.395576e-03 6.583877e-02
3.185735e-02 3.295510e-02
4.502450e-02 4.502450e-02
2.856366e-02 2.087609e-02
2.636751e-02 2.087609e-02
2.417112e-02 2.087609e-02
2.526935e-02 2.307283e-02
2.197799e-03 1.977764e-02
2.966163e-02 2.856366e-02
5.379420e-02 1.098857e-02
2.526935e-02 2.307283e-02
2.636751e-02 2.526935e-02
5.160250e-02 7.692156e-03
3.405277e-02 1.098857e-02
3.075953e-02 1.538340e-02
3.844259e-02 1.538340e-02
4.173400e-02 2.307283e-02
3.185735e-02 1.208732e-02
3.953982e-02 2.417112e-02
3.515035e-02 1.648202e-02
3.185735e-02 1.208732e-02
2.526935e-02 2.966163e-02
4.063696e-02 2.307283e-02
4.063696e-02 2.636751e-02
2.307283e-02 2.417112e-02
4.063696e-02 2.636751e-02
3.515035e-02 1.867915e-02
3.515035e-02 1.867915e-02
3.185735e-02 1.648202e-02
1.867915e-02 2.197448e-02
1.867915e-02 2.636751e-02
1.977764e-02 2.307283e-02
2.197448e-02 2.087609e-02
2.307283e-02 3.185735e-02
1.867915e-02 2.417112e-02
2.307283e-02 2.966163e-02
3.734527e-02 1.867915e-02
2.197448e-02 2.197448e-02
1.977764e-02 2.197448e-02
3.844259e-02 3.296691e-03
6.036613e-02 3.075953e-02
2.636751e-02 1.098857e-02
3.185735e-02 2.087609e-02
3.185735e-02 2.087609e-02
3.185735e-02 2.087609e-02
3.185735e-02 2.087609e-02
3.185735e-02 2.087609e-02
3.185735e-02 2.087609e-02
3.185735e-02 2.087609e-02
3.185735e-02 2.087609e-02
3.185735e-02 2.087609e-02
3.185735e-02 2.087609e-02
3.185735e-02 2.087609e-02
3.185735e-02 2.087609e-02
3.185735e-02 2.087609e-02
3.185735e-02 2.087609e-02
3.185735e-02 2.087609e-02
3.185735e-02 2.087609e-02
3.185735e-02 2.087609e-02
3.185735e-02 2.087609e-02
3.185735e-02 2.087609e-02
3.185735e-02 2.087609e-02
3.185735e-02 2.087609e-02
3.185735e-02 2.087609e-02
3.185735e-02 2.087609e-02
3.185735e-02 2.087609e-02
3.185735e-02 2.087609e-02
3.185735e-02 2.087609e-02
3.185735e-02 2.087609e-02
3.185735e-02 2.087609e-02
3.185735e-02 2.087609e-02
3.185735e-02 2.087609e-02
3.185735e-02 2.087609e-02
3.185735e-02 2.087609e-02
3.185735e-02 2.087609e-02
3.185735e-02 2.087609e-02
3.185735e-02 2.087609e-02
3.185735e-02 2.087609e-02
3.185735e-02 2.087609e-02
3.185735e-02 2.087609e-02
3.185735e-02 2.087609e-02
3.185735e-02 2.087609e-02
3.185735e-02 2.087609e-02
3.185735e-02 2.087609e-02
3.185735e-02 2.087609e-02
3.185735e-02 2.087609e-02
3.185735e-02 2.087609e-02
3.185735e-02 2.087609e-02
3.185735e-02 2.087609e-02
3.185735e-02 2.087609e-02
3.185735e-02 2.087609e-02
3.185735e-02 2.087609e-02
3.185735e-02 2.087609e-02
3.185735e-02 2.087609e-02
3.185735e-02 2.087609e-02
3.185735e-02 2.087609e-02
3.185735e-02 2.087609e-02
3.185735e-02 2.087609e-02
3.185735e-02 2.087609e-02
3.185735e-02 2.087609e-02
3.185735e-02 2.087609e-02
3.185735e-02 2.087609e-02
3.185735e-02 2.087609e-02
3.185735e-02 2.087609e-02
3.185735e-02 2.087609e-02
3.185735e-02 2.087609e-02
3.844259e-02 5.269842e-02
5.379420e-02 2.417112e-02
5.379420e-02 2.417112e-02
3.844259e-02 5.488986e-02
2.966163e-02 5.050646e-02
2.087609e-02 4.721763e-02
2.087609e-02 4.721763e-02
2.087609e-02 4.721763e-02
3.734527e-02 3.405277e-02
8.441431e-02 2.087609e-02
1.648202e-02 4.941030e-02
5.598539e-02 5.494450e-03
1.758061e-02 5.050646e-02
2.307283e-02 5.598539e-02
1.428474e-02 6.474455e-02
3.624785e-02 4.392777e-02
8.550529e-02 1.098901e-03
2.746562e-02 6.146096e-02
3.295510e-02 4.941030e-02
4.831402e-02 3.515035e-02
3.515035e-02 4.941030e-02
1.648202e-02 6.912048e-02
6.255564e-02 2.197448e-02
5.927115e-02 2.307283e-02
3.185735e-02 5.488986e-02
4.173400e-02 3.953982e-02
4.173400e-02 3.953982e-02
5.708078e-02 1.867915e-02
5.708078e-02 1.867915e-02
5.708078e-02 1.867915e-02
5.708078e-02 1.867915e-02
5.708078e-02 1.867915e-02
5.708078e-02 1.867915e-02
3.185735e-02 5.050646e-02
4.612112e-02 4.831402e-02
8.332312e-02 6.593311e-03
4.173400e-02 4.831402e-02
5.050646e-02 3.624785e-02
4.392777e-02 4.283093e-02
8.004836e-02 1.098857e-02
8.004836e-02 1.098857e-02
8.004836e-02 1.098857e-02
8.004836e-02 1.098857e-02
8.004836e-02 1.098857e-02
8.004836e-02 1.098857e-02
8.004836e-02 1.098857e-02
8.004836e-02 1.098857e-02
8.004836e-02 1.098857e-02
8.004836e-02 1.098857e-02
8.004836e-02 1.098857e-02
8.004836e-02 1.098857e-02
8.004836e-02 1.098857e-02
8.004836e-02 1.098857e-02
8.004836e-02 1.098857e-02
8.004836e-02 1.098857e-02
8.004836e-02 1.098857e-02
8.004836e-02 1.098857e-02
8.004836e-02 1.098857e-02
8.004836e-02 1.098857e-02
8.004836e-02 1.098857e-02
8.004836e-02 1.098857e-02
8.004836e-02 1.098857e-02
8.004836e-02 1.098857e-02
8.004836e-02 1.098857e-02
8.004836e-02 1.098857e-02
8.004836e-02 1.098857e-02
8.004836e-02 1.098857e-02
8.004836e-02 1.098857e-02
8.004836e-02 1.098857e-02
8.004836e-02 1.098857e-02
8.004836e-02 1.098857e-02
8.004836e-02 1.098857e-02
8.004836e-02 1.098857e-02
8.004836e-02 1.098857e-02
8.004836e-02 1.098857e-02
8.004836e-02 1.098857e-02
8.004836e-02 1.098857e-02
8.004836e-02 1.098857e-02
8.004836e-02 1.098857e-02
8.004836e-02 1.098857e-02
8.004836e-02 1.098857e-02
8.004836e-02 1.098857e-02
8.004836e-02 1.098857e-02
8.004836e-02 1.098857e-02
8.004836e-02 1.098857e-02
8.004836e-02 1.098857e-02
8.004836e-02 1.098857e-02
8.004836e-02 1.098857e-02
8.004836e-02 1.098857e-02
8.004836e-02 1.098857e-02
8.004836e-02 1.098857e-02
8.004836e-02 1.098857e-02
8.004836e-02 1.098857e-02
8.004836e-02 1.098857e-02
1.758061e-02 3.624785e-02
2.526935e-02 4.831402e-02
2.526935e-02 4.831402e-02
2.526935e-02 4.831402e-02
2.526935e-02 4.831402e-02
2.526935e-02 4.831402e-02
3.844259e-02 6.255564e-02
3.185735e-02 5.160250e-02
3.405277e-02 5.708078e-02
3.075953e-02 5.269842e-02
3.075953e-02 5.708078e-02
3.075953e-02 5.708078e-02
3.075953e-02 5.708078e-02
3.075953e-02 5.708078e-02
3.075953e-02 5.708078e-02
3.075953e-02 5.708078e-02
3.734527e-02 4.721763e-02
3.734527e-02 4.721763e-02
3.734527e-02 4.721763e-02
3.734527e-02 4.721763e-02
3.734527e-02 4.721763e-02
3.734527e-02 4.721763e-02
3.734527e-02 4.721763e-02
3.734527e-02 4.721763e-02
3.734527e-02 4.721763e-02
3.734527e-02 4.721763e-02
3.734527e-02 4.721763e-02
3.734527e-02 4.721763e-02
3.734527e-02 4.721763e-02
3.734527e-02 4.721763e-02
3.734527e-02 4.721763e-02
3.734527e-02 4.721763e-02
3.734527e-02 4.721763e-02
3.734527e-02 4.721763e-02
3.734527e-02 4.721763e-02
3.734527e-02 4.721763e-02
3.734527e-02 4.721763e-02
1.648202e-02 9.749214e-02
1.648202e-02 9.749214e-02
1.648202e-02 9.749214e-02
2.417112e-02 7.677189e-02
1.867915e-02 8.550529e-02
1.867915e-02 8.550529e-02
1.867915e-02 8.550529e-02
1.867915e-02 8.550529e-02
1.867915e-02 8.550529e-02
4.395576e-03 9.095712e-02
1.538340e-02 6.912048e-02
1.428474e-02 9.313636e-02
1.428474e-02 9.313636e-02
8.790982e-03 7.895639e-02
1.318605e-02 4.612112e-02
1.098857e-02 3.296691e-03
5.050646e-02 2.307283e-02
1.098857e-02 0.000000e+00
6.593311e-03 1.098901e-03
6.593311e-03 1.098901e-03
1.318605e-02 5.708078e-02
2.197448e-02 2.197799e-03
8.790982e-03 3.185735e-02
1.098901e-03 2.526935e-02
1.538340e-02 5.494450e-03
1.428474e-02 4.612112e-02
1.648202e-02 4.941030e-02
0.000000e+00 2.856366e-02
6.593311e-03 3.624785e-02
6.593311e-03 2.966163e-02
2.197799e-03 2.307283e-02
1.098901e-03 2.526935e-02
3.953982e-02 2.197799e-03
1.648202e-02 5.269842e-02
1.208732e-02 5.927115e-02
6.593311e-03 2.856366e-02
2.197799e-03 2.417112e-02
2.856366e-02 2.966163e-02
1.977764e-02 5.050646e-02
3.515035e-02 5.598539e-02
2.417112e-02 4.392777e-02
1.318605e-02 3.953982e-02
1.098857e-02 2.197448e-02
2.197448e-02 4.502450e-02
2.746562e-02 3.075953e-02
3.075953e-02 5.050646e-02
2.307283e-02 3.185735e-02
2.526935e-02 4.063696e-02
2.966163e-02 3.734527e-02
2.966163e-02 3.295510e-02
2.966163e-02 3.953982e-02
2.966163e-02 3.844259e-02
5.598539e-02 2.197799e-03
2.087609e-02 2.966163e-02
3.515035e-02 4.392777e-02
4.612112e-02 1.318605e-02
3.295510e-02 3.953982e-02
3.185735e-02 3.624785e-02
3.295510e-02 3.624785e-02
1.098857e-02 1.318605e-02
1.098901e-03 2.746562e-02
1.977764e-02 2.307283e-02
4.392777e-02 5.160250e-02
2.966163e-02 7.895639e-02
9.889787e-03 3.296691e-03
2.636751e-02 1.208732e-02
6.912048e-02 1.867915e-02
5.708078e-02 2.197799e-03
8.550529e-02 1.867915e-02
5.269842e-02 5.817604e-02
2.966163e-02 3.296691e-03
1.977764e-02 2.526935e-02
1.867915e-02 2.087609e-02
1.867915e-02 2.746562e-02
5.494450e-03 5.494450e-03
2.307283e-02 2.856366e-02
1.098857e-02 1.648202e-02
2.307283e-02 3.844259e-02
3.515035e-02 4.721763e-02
2.087609e-02 2.856366e-02
2.087609e-02 2.197448e-02
5.494450e-03 7.021406e-02
2.966163e-02 4.502450e-02
2.417112e-02 3.734527e-02
2.417112e-02 2.636751e-02
3.734527e-02 5.488986e-02
3.295510e-02 4.612112e-02
2.526935e-02 2.636751e-02
3.844259e-02 5.160250e-02
3.624785e-02 5.050646e-02
1.977764e-02 3.075953e-02
1.538340e-02 2.307283e-02
2.417112e-02 5.817604e-02
3.075953e-02 4.283093e-02
2.856366e-02 3.624785e-02
2.417112e-02 2.636751e-02
4.941030e-02 4.063696e-02
1.208732e-02 1.428474e-02
1.867915e-02 4.502450e-02
2.966163e-02 4.173400e-02
1.758061e-02 5.598539e-02
3.515035e-02 4.063696e-02
3.075953e-02 5.050646e-02
2.087609e-02 8.790982e-03
3.734527e-02 6.146096e-02
5.050646e-02 7.895639e-02
2.966163e-02 3.515035e-02
2.966163e-02 4.283093e-02
3.515035e-02 5.379420e-02
4.173400e-02 5.598539e-02
2.307283e-02 3.515035e-02
6.593311e-03 1.018442e-01
3.185735e-02 4.502450e-02
7.692156e-03 8.441431e-02
1.098901e-03 1.094509e-01
1.318605e-02 2.087609e-02
4.283093e-02 6.583877e-02
3.296691e-03 1.098901e-03
2.636751e-02 3.185735e-02
5.379420e-02 7.240070e-02
2.197799e-03 1.311116e-01
2.197448e-02 7.021406e-02
3.405277e-02 3.953982e-02
4.392777e-02 5.379420e-02
1.758061e-02 3.405277e-02
1.867915e-02 3.734527e-02
1.867915e-02 3.734527e-02
1.867915e-02 3.734527e-02
1.867915e-02 2.636751e-02
1.867915e-02 2.636751e-02
1.867915e-02 2.636751e-02
1.867915e-02 2.636751e-02
1.867915e-02 2.636751e-02
1.867915e-02 2.636751e-02
1.867915e-02 2.636751e-02
1.867915e-02 2.636751e-02
1.867915e-02 2.636751e-02
1.867915e-02 2.636751e-02
1.867915e-02 2.636751e-02
1.867915e-02 2.636751e-02
1.867915e-02 2.636751e-02
1.867915e-02 2.636751e-02
1.867915e-02 2.636751e-02
1.867915e-02 2.636751e-02
1.867915e-02 2.636751e-02
1.867915e-02 2.636751e-02
1.867915e-02 2.636751e-02
1.867915e-02 2.636751e-02
1.867915e-02 2.636751e-02
1.867915e-02 2.636751e-02
1.867915e-02 2.636751e-02
1.867915e-02 2.636751e-02
1.867915e-02 2.636751e-02
1.867915e-02 2.636751e-02
1.867915e-02 2.636751e-02
1.867915e-02 2.636751e-02
1.867915e-02 2.636751e-02
1.867915e-02 2.636751e-02
1.867915e-02 2.636751e-02
1.867915e-02 2.636751e-02
1.867915e-02 2.636751e-02
1.867915e-02 2.636751e-02
1.867915e-02 2.636751e-02
1.867915e-02 2.636751e-02
1.867915e-02 2.636751e-02
1.867915e-02 2.636751e-02
4.721763e-02 2.197448e-02
3.185735e-02 4.612112e-02
3.185735e-02 4.612112e-02
3.185735e-02 4.612112e-02
3.185735e-02 4.612112e-02
3.185735e-02 4.612112e-02
3.185735e-02 4.612112e-02
3.185735e-02 4.612112e-02
3.185735e-02 4.612112e-02
3.185735e-02 4.612112e-02
3.185735e-02 4.612112e-02
3.185735e-02 4.612112e-02
3.185735e-02 4.612112e-02
3.185735e-02 4.612112e-02
3.185735e-02 4.612112e-02
3.185735e-02 4.612112e-02
3.185735e-02 4.612112e-02
3.624785e-02 6.036613e-02
4.502450e-02 5.927115e-02
4.502450e-02 5.927115e-02
4.063696e-02 1.083650e-01
4.063696e-02 1.083650e-01
4.063696e-02 1.083650e-01
5.269842e-02 4.831402e-02
1.094509e-01 1.846844e-01
3.953982e-02 4.612112e-02
3.953982e-02 4.612112e-02
3.953982e-02 4.612112e-02
3.953982e-02 4.612112e-02
3.953982e-02 4.612112e-02
5.708078e-02 5.269842e-02
9.889787e-03 1.318605e-02
5.817604e-02 7.349377e-02
5.817604e-02 7.349377e-02
4.173400e-02 2.856366e-02
4.173400e-02 2.856366e-02
2.417112e-02 1.867915e-02
5.269842e-02 2.087609e-02
2.966163e-02 3.075953e-02
1.018442e-01 1.538340e-02
4.173400e-02 5.817604e-02
3.844259e-02 5.050646e-02
3.295510e-02 5.160250e-02
5.708078e-02 1.867915e-02
4.831402e-02 9.889787e-03
4.831402e-02 9.889787e-03
4.831402e-02 9.889787e-03
4.831402e-02 9.889787e-03
4.831402e-02 9.889787e-03
4.831402e-02 9.889787e-03
4.831402e-02 9.889787e-03
4.831402e-02 9.889787e-03
4.831402e-02 9.889787e-03
4.831402e-02 9.889787e-03
4.831402e-02 9.889787e-03
4.831402e-02 9.889787e-03
4.831402e-02 9.889787e-03
4.831402e-02 9.889787e-03
4.831402e-02 9.889787e-03
4.831402e-02 9.889787e-03
4.831402e-02 9.889787e-03
4.831402e-02 9.889787e-03
4.831402e-02 9.889787e-03
4.831402e-02 9.889787e-03
4.831402e-02 9.889787e-03
4.831402e-02 9.889787e-03
4.831402e-02 9.889787e-03
4.831402e-02 9.889787e-03
4.831402e-02 9.889787e-03
4.831402e-02 9.889787e-03
4.831402e-02 9.889787e-03
4.831402e-02 9.889787e-03
4.831402e-02 9.889787e-03
4.831402e-02 9.889787e-03
4.831402e-02 9.889787e-03
4.831402e-02 9.889787e-03
4.831402e-02 9.889787e-03
8.790982e-03 1.758061e-02
5.494450e-03 1.208732e-02
7.692156e-03 1.648202e-02
1.208732e-02 2.087609e-02
9.889787e-03 7.021406e-02
1.538340e-02 2.856366e-02
2.307283e-02 3.734527e-02
3.295510e-02 2.197448e-02
3.295510e-02 2.197448e-02
3.295510e-02 2.197448e-02
3.295510e-02 2.197448e-02
3.295510e-02 2.197448e-02
3.295510e-02 2.197448e-02
3.295510e-02 2.197448e-02
3.295510e-02 2.197448e-02
3.295510e-02 2.197448e-02
3.295510e-02 2.197448e-02
3.295510e-02 2.197448e-02
3.295510e-02 2.197448e-02
3.295510e-02 2.197448e-02
3.295510e-02 2.197448e-02
3.295510e-02 2.197448e-02
3.295510e-02 2.197448e-02
3.295510e-02 2.197448e-02
3.295510e-02 2.197448e-02
3.295510e-02 2.197448e-02
3.295510e-02 2.197448e-02
3.295510e-02 2.197448e-02
3.295510e-02 2.197448e-02
3.295510e-02 2.197448e-02
3.295510e-02 2.197448e-02
3.295510e-02 2.197448e-02
3.295510e-02 2.197448e-02
3.295510e-02 2.197448e-02
3.295510e-02 2.197448e-02
3.295510e-02 2.197448e-02
3.295510e-02 2.197448e-02
3.295510e-02 2.197448e-02
3.295510e-02 2.197448e-02
3.295510e-02 2.197448e-02
3.295510e-02 2.197448e-02
3.295510e-02 2.197448e-02
3.295510e-02 2.197448e-02
3.295510e-02 2.197448e-02
3.295510e-02 2.197448e-02
3.295510e-02 2.197448e-02
3.295510e-02 2.197448e-02
3.295510e-02 2.197448e-02
3.295510e-02 2.197448e-02
3.295510e-02 2.197448e-02
3.295510e-02 2.197448e-02
3.295510e-02 2.197448e-02
3.295510e-02 2.197448e-02
3.295510e-02 2.197448e-02
3.295510e-02 2.197448e-02
3.295510e-02 2.197448e-02
3.295510e-02 2.197448e-02
3.295510e-02 2.197448e-02
3.295510e-02 2.197448e-02
3.295510e-02 2.197448e-02
3.295510e-02 2.197448e-02
3.295510e-02 2.197448e-02
3.295510e-02 2.197448e-02
3.295510e-02 2.197448e-02
3.295510e-02 2.197448e-02
3.295510e-02 2.197448e-02
3.295510e-02 2.197448e-02
3.295510e-02 2.197448e-02
3.295510e-02 2.197448e-02
3.295510e-02 2.197448e-02
3.295510e-02 2.197448e-02
3.295510e-02 2.197448e-02
3.295510e-02 2.197448e-02
3.295510e-02 2.197448e-02
3.295510e-02 2.197448e-02
3.295510e-02 2.197448e-02
3.295510e-02 2.197448e-02
3.295510e-02 2.197448e-02
3.295510e-02 2.197448e-02
3.295510e-02 2.197448e-02
3.295510e-02 2.197448e-02
3.295510e-02 2.197448e-02
3.295510e-02 2.197448e-02
3.295510e-02 2.197448e-02
2.197799e-03 4.283093e-02
1.977764e-02 7.021406e-02
1.977764e-02 7.021406e-02
1.977764e-02 7.021406e-02
2.197799e-03 6.474455e-02
2.197799e-03 6.474455e-02
2.197799e-03 6.474455e-02
2.197799e-03 6.474455e-02
2.197799e-03 6.474455e-02
2.197799e-03 6.474455e-02
2.197799e-03 6.474455e-02
2.197799e-03 6.474455e-02
2.197799e-03 6.474455e-02
2.197799e-03 6.474455e-02
2.197799e-03 6.474455e-02
2.197799e-03 6.474455e-02
2.197799e-03 6.474455e-02
2.197799e-03 6.474455e-02
9.889787e-03 1.278699e-01
1.758061e-02 1.181288e-01
4.395576e-03 1.321916e-01
4.395576e-03 1.321916e-01
2.636751e-02 1.278699e-01
3.295510e-02 1.116220e-01
6.593311e-03 1.418971e-01
2.526935e-02 1.311116e-01
1.318605e-02 1.451263e-01
2.307283e-02 1.257073e-01
1.318605e-02 1.386648e-01
4.831402e-02 1.365083e-01
4.831402e-02 1.365083e-01
4.831402e-02 1.365083e-01
2.307283e-02 1.332713e-01
2.307283e-02 1.332713e-01
2.307283e-02 1.332713e-01
2.307283e-02 1.332713e-01
2.307283e-02 1.332713e-01
2.307283e-02 1.332713e-01
2.307283e-02 1.332713e-01
2.307283e-02 1.332713e-01
2.307283e-02 1.332713e-01
2.307283e-02 1.332713e-01
2.307283e-02 1.332713e-01
2.307283e-02 1.332713e-01
2.307283e-02 1.332713e-01
2.307283e-02 1.332713e-01
2.307283e-02 1.332713e-01
2.307283e-02 1.332713e-01
2.307283e-02 1.332713e-01
2.307283e-02 1.332713e-01
2.307283e-02 1.332713e-01
2.307283e-02 1.332713e-01
2.307283e-02 1.332713e-01
2.307283e-02 1.332713e-01
2.307283e-02 1.332713e-01
2.307283e-02 1.332713e-01
2.307283e-02 1.332713e-01
2.307283e-02 1.332713e-01
2.307283e-02 1.332713e-01
2.307283e-02 1.332713e-01
2.307283e-02 1.332713e-01
2.307283e-02 1.332713e-01
2.307283e-02 1.332713e-01
2.307283e-02 1.332713e-01
2.307283e-02 1.332713e-01
2.307283e-02 1.332713e-01
2.307283e-02 1.332713e-01
2.307283e-02 1.332713e-01
2.307283e-02 1.332713e-01
2.307283e-02 1.332713e-01
2.307283e-02 1.332713e-01
2.307283e-02 1.332713e-01
2.307283e-02 1.332713e-01
2.307283e-02 1.332713e-01
2.307283e-02 1.332713e-01
2.307283e-02 1.332713e-01
2.307283e-02 1.332713e-01
2.307283e-02 1.332713e-01
2.307283e-02 1.332713e-01
2.307283e-02 1.332713e-01
2.307283e-02 1.332713e-01
2.307283e-02 1.332713e-01
2.307283e-02 1.332713e-01
2.307283e-02 1.332713e-01
2.307283e-02 1.332713e-01
2.307283e-02 1.332713e-01
2.307283e-02 1.332713e-01
2.307283e-02 1.332713e-01
2.307283e-02 1.332713e-01
2.307283e-02 1.332713e-01
2.307283e-02 1.332713e-01
2.307283e-02 1.332713e-01
2.307283e-02 1.332713e-01
2.307283e-02 1.332713e-01
2.307283e-02 1.332713e-01
2.307283e-02 1.332713e-01
2.307283e-02 1.332713e-01
2.307283e-02 1.332713e-01
2.307283e-02 1.332713e-01
2.307283e-02 1.332713e-01
2.307283e-02 1.332713e-01
2.307283e-02 1.332713e-01
2.307283e-02 1.332713e-01
2.307283e-02 1.332713e-01
2.307283e-02 1.332713e-01
2.307283e-02 1.332713e-01
2.307283e-02 1.332713e-01
2.307283e-02 1.332713e-01
2.307283e-02 1.332713e-01
2.307283e-02 1.332713e-01
2.307283e-02 1.332713e-01
2.307283e-02 1.332713e-01
2.307283e-02 1.332713e-01
2.307283e-02 1.332713e-01
2.307283e-02 1.332713e-01
2.307283e-02 1.332713e-01
2.307283e-02 1.332713e-01
2.307283e-02 1.332713e-01
1.202955e-01 6.593311e-03
9.966865e-02 9.889787e-03
8.223173e-02 1.758061e-02
6.365017e-02 2.856366e-02
6.583877e-02 4.392777e-02
2.966163e-02 4.502450e-02
2.966163e-02 4.502450e-02
2.966163e-02 4.502450e-02
2.966163e-02 4.502450e-02
2.966163e-02 4.502450e-02
2.966163e-02 4.502450e-02
2.966163e-02 4.502450e-02
2.966163e-02 4.502450e-02
2.966163e-02 4.502450e-02
2.966163e-02 4.502450e-02
2.966163e-02 4.502450e-02
2.966163e-02 4.502450e-02
2.966163e-02 4.502450e-02
2.966163e-02 4.502450e-02
2.966163e-02 4.502450e-02
2.966163e-02 4.502450e-02
2.966163e-02 4.502450e-02
2.966163e-02 4.502450e-02
2.966163e-02 4.502450e-02
2.966163e-02 4.502450e-02
2.966163e-02 4.502450e-02
2.966163e-02 4.502450e-02
2.966163e-02 4.502450e-02
2.966163e-02 4.502450e-02
2.966163e-02 4.502450e-02
2.966163e-02 4.502450e-02
2.966163e-02 4.502450e-02
2.966163e-02 4.502450e-02
2.966163e-02 4.502450e-02
2.966163e-02 4.502450e-02
2.966163e-02 4.502450e-02
2.966163e-02 4.502450e-02
2.966163e-02 4.502450e-02
2.966163e-02 4.502450e-02
2.966163e-02 4.502450e-02
2.966163e-02 4.502450e-02
2.966163e-02 4.502450e-02
2.966163e-02 4.502450e-02
2.966163e-02 4.502450e-02
2.966163e-02 4.502450e-02
2.966163e-02 4.502450e-02
2.966163e-02 4.502450e-02
2.966163e-02 4.502450e-02
2.966163e-02 4.502450e-02
2.966163e-02 4.502450e-02
2.966163e-02 4.502450e-02
2.966163e-02 4.502450e-02
2.966163e-02 4.502450e-02
2.966163e-02 4.502450e-02
2.966163e-02 4.502450e-02
2.966163e-02 4.502450e-02
2.966163e-02 4.502450e-02
2.966163e-02 4.502450e-02
2.966163e-02 4.502450e-02
2.966163e-02 4.502450e-02
2.966163e-02 4.502450e-02
2.966163e-02 4.502450e-02
2.966163e-02 4.502450e-02
2.966163e-02 4.502450e-02
2.966163e-02 4.502450e-02
2.966163e-02 4.502450e-02
2.966163e-02 4.502450e-02
2.966163e-02 4.502450e-02
2.966163e-02 4.502450e-02
2.966163e-02 4.502450e-02
2.966163e-02 4.502450e-02
2.966163e-02 4.502450e-02
2.966163e-02 4.502450e-02
2.966163e-02 4.502450e-02
2.966163e-02 4.502450e-02
2.966163e-02 4.502450e-02
2.966163e-02 4.502450e-02
2.966163e-02 4.502450e-02
2.966163e-02 4.502450e-02
2.966163e-02 4.502450e-02
2.966163e-02 4.502450e-02
2.966163e-02 4.502450e-02
2.966163e-02 4.502450e-02
2.966163e-02 4.502450e-02
2.966163e-02 4.502450e-02
2.966163e-02 4.502450e-02
2.966163e-02 4.502450e-02
2.966163e-02 4.502450e-02
2.966163e-02 4.502450e-02
2.966163e-02 4.502450e-02
2.966163e-02 4.502450e-02
2.966163e-02 4.502450e-02
2.966163e-02 4.502450e-02
2.966163e-02 4.502450e-02
2.966163e-02 4.502450e-02
2.966163e-02 4.502450e-02
2.966163e-02 4.502450e-02
2.966163e-02 4.502450e-02
2.966163e-02 4.502450e-02
2.966163e-02 4.502450e-02
2.966163e-02 4.502450e-02
