2.856366e-02 4.941030e-02
2.856366e-02 4.941030e-02
2.856366e-02 4.941030e-02
2.856366e-02 4.831402e-02
2.856366e-02 4.831402e-02
4.283093e-02 4.831402e-02
4.283093e-02 4.831402e-02
4.392777e-02 4.721763e-02
4.392777e-02 4.721763e-02
3.185735e-02 4.721763e-02
3.185735e-02 4.721763e-02
2.058342e-01 5.488986e-02
2.058342e-01 5.488986e-02
1.051057e-01 4.831402e-02
1.051057e-01 4.831402e-02
1.051057e-01 4.831402e-02
1.051057e-01 4.831402e-02
1.051057e-01 4.831402e-02
1.051057e-01 4.831402e-02
1.051057e-01 4.831402e-02
1.051057e-01 4.831402e-02
1.051057e-01 4.831402e-02
1.051057e-01 4.831402e-02
1.051057e-01 4.831402e-02
1.051057e-01 4.831402e-02
1.051057e-01 4.831402e-02
1.051057e-01 4.831402e-02
1.051057e-01 4.831402e-02
1.051057e-01 4.831402e-02
1.051057e-01 4.831402e-02
1.051057e-01 4.831402e-02
1.051057e-01 4.831402e-02
1.051057e-01 4.831402e-02
1.051057e-01 4.831402e-02
1.051057e-01 4.831402e-02
1.051057e-01 4.831402e-02
1.051057e-01 4.831402e-02
5.269842e-02 4.063696e-02
5.269842e-02 4.063696e-02
5.927115e-02 3.953982e-02
5.927115e-02 3.953982e-02
4.063696e-02 4.941030e-02
4.063696e-02 4.941030e-02
3.734527e-02 4.612112e-02
3.734527e-02 4.612112e-02
3.734527e-02 4.612112e-02
3.734527e-02 4.612112e-02
3.734527e-02 4.612112e-02
3.734527e-02 4.612112e-02
3.734527e-02 4.612112e-02
3.734527e-02 4.612112e-02
3.734527e-02 4.612112e-02
3.734527e-02 4.612112e-02
3.734527e-02 4.612112e-02
3.734527e-02 4.612112e-02
3.734527e-02 4.612112e-02
3.734527e-02 4.612112e-02
3.734527e-02 4.612112e-02
3.734527e-02 4.612112e-02
3.734527e-02 4.612112e-02
3.734527e-02 4.612112e-02
3.734527e-02 4.612112e-02
3.734527e-02 4.612112e-02
3.734527e-02 4.612112e-02
3.734527e-02 4.612112e-02
3.734527e-02 4.612112e-02
3.734527e-02 4.612112e-02
3.734527e-02 4.612112e-02
3.734527e-02 4.612112e-02
3.734527e-02 4.612112e-02
3.734527e-02 4.612112e-02
3.734527e-02 4.612112e-02
3.734527e-02 4.612112e-02
3.734527e-02 4.612112e-02
3.734527e-02 4.612112e-02
3.734527e-02 4.612112e-02
3.734527e-02 4.612112e-02
3.734527e-02 4.612112e-02
3.734527e-02 4.612112e-02
3.734527e-02 4.612112e-02
3.734527e-02 4.612112e-02
3.734527e-02 4.612112e-02
3.734527e-02 4.612112e-02
3.734527e-02 4.612112e-02
3.734527e-02 4.612112e-02
3.734527e-02 4.612112e-02
3.734527e-02 4.612112e-02
3.734527e-02 4.612112e-02
3.734527e-02 4.612112e-02
3.734527e-02 4.612112e-02
3.734527e-02 4.612112e-02
3.734527e-02 4.612112e-02
3.734527e-02 4.612112e-02
3.734527e-02 4.612112e-02
3.734527e-02 4.612112e-02
3.734527e-02 4.612112e-02
3.734527e-02 4.612112e-02
3.734527e-02 4.612112e-02
3.734527e-02 4.612112e-02
3.734527e-02 4.612112e-02
3.734527e-02 4.612112e-02
3.734527e-02 4.612112e-02
3.734527e-02 4.612112e-02
3.734527e-02 4.612112e-02
3.734527e-02 4.612112e-02
3.734527e-02 4.612112e-02
3.734527e-02 4.612112e-02
3.734527e-02 4.612112e-02
3.734527e-02 4.612112e-02
3.734527e-02 4.612112e-02
3.734527e-02 4.612112e-02
3.734527e-02 4.612112e-02
3.734527e-02 4.612112e-02
3.734527e-02 4.612112e-02
3.734527e-02 4.612112e-02
3.734527e-02 4.612112e-02
3.734527e-02 4.612112e-02
3.734527e-02 4.612112e-02
3.734527e-02 4.612112e-02
3.734527e-02 4.612112e-02
3.734527e-02 4.612112e-02
3.734527e-02 4.612112e-02
3.734527e-02 4.612112e-02
3.734527e-02 4.612112e-02
3.734527e-02 4.612112e-02
3.734527e-02 4.612112e-02
3.734527e-02 4.612112e-02
3.734527e-02 4.612112e-02
3.734527e-02 4.612112e-02
3.734527e-02 4.612112e-02
3.734527e-02 4.612112e-02
3.734527e-02 4.612112e-02
3.734527e-02 4.612112e-02
3.734527e-02 4.612112e-02
3.734527e-02 4.612112e-02
3.734527e-02 4.612112e-02
3.734527e-02 4.612112e-02
3.734527e-02 4.612112e-02
3.734527e-02 4.612112e-02
3.734527e-02 4.612112e-02
3.734527e-02 4.612112e-02
3.734527e-02 4.612112e-02
3.734527e-02 4.612112e-02
3.734527e-02 4.612112e-02
3.734527e-02 4.612112e-02
3.734527e-02 4.612112e-02
3.734527e-02 4.612112e-02
3.734527e-02 4.612112e-02
3.734527e-02 4.612112e-02
3.734527e-02 4.612112e-02
3.734527e-02 4.612112e-02
3.734527e-02 4.612112e-02
3.734527e-02 4.612112e-02
3.734527e-02 4.612112e-02
3.734527e-02 4.612112e-02
3.734527e-02 4.612112e-02
3.734527e-02 4.612112e-02
3.734527e-02 4.612112e-02
3.734527e-02 4.612112e-02
3.734527e-02 4.612112e-02
3.734527e-02 4.612112e-02
3.734527e-02 4.612112e-02
3.734527e-02 4.612112e-02
3.734527e-02 4.612112e-02
3.734527e-02 4.612112e-02
3.734527e-02 4.612112e-02
3.734527e-02 4.612112e-02
3.734527e-02 4.612112e-02
3.734527e-02 4.612112e-02
3.734527e-02 4.612112e-02
3.734527e-02 4.612112e-02
3.734527e-02 4.612112e-02
3.734527e-02 4.612112e-02
3.734527e-02 4.612112e-02
3.734527e-02 4.612112e-02
3.734527e-02 4.612112e-02
3.734527e-02 4.612112e-02
3.734527e-02 4.612112e-02
3.734527e-02 4.612112e-02
3.734527e-02 4.612112e-02
3.734527e-02 4.612112e-02
3.734527e-02 4.612112e-02
3.734527e-02 4.612112e-02
3.734527e-02 4.612112e-02
3.734527e-02 4.612112e-02
3.734527e-02 4.612112e-02
3.734527e-02 4.612112e-02
3.734527e-02 4.612112e-02
3.734527e-02 4.612112e-02
3.734527e-02 4.612112e-02
3.734527e-02 4.612112e-02
3.734527e-02 4.612112e-02
3.734527e-02 4.612112e-02
3.734527e-02 4.612112e-02
3.734527e-02 4.612112e-02
3.734527e-02 4.612112e-02
3.734527e-02 4.612112e-02
3.734527e-02 4.612112e-02
3.734527e-02 4.612112e-02
3.734527e-02 4.612112e-02
3.734527e-02 4.612112e-02
3.734527e-02 4.612112e-02
3.734527e-02 4.612112e-02
3.734527e-02 4.612112e-02
3.734527e-02 4.612112e-02
3.734527e-02 4.612112e-02
3.734527e-02 4.612112e-02
3.734527e-02 4.612112e-02
3.734527e-02 4.612112e-02
3.734527e-02 4.612112e-02
3.734527e-02 4.612112e-02
3.734527e-02 4.612112e-02
3.734527e-02 4.612112e-02
3.734527e-02 4.612112e-02
3.734527e-02 4.612112e-02
3.734527e-02 4.612112e-02
3.734527e-02 4.612112e-02
3.734527e-02 4.612112e-02
3.734527e-02 4.612112e-02
3.734527e-02 4.612112e-02
3.734527e-02 4.612112e-02
3.734527e-02 4.612112e-02
3.734527e-02 4.612112e-02
3.734527e-02 4.612112e-02
3.734527e-02 4.612112e-02
3.734527e-02 4.612112e-02
3.734527e-02 4.612112e-02
3.734527e-02 4.612112e-02
3.734527e-02 4.612112e-02
3.734527e-02 4.612112e-02
3.734527e-02 4.612112e-02
3.734527e-02 4.612112e-02
3.734527e-02 4.612112e-02
3.734527e-02 4.612112e-02
3.734527e-02 4.612112e-02
3.734527e-02 4.612112e-02
3.734527e-02 4.612112e-02
3.734527e-02 4.612112e-02
3.734527e-02 4.612112e-02
3.734527e-02 4.612112e-02
3.734527e-02 4.612112e-02
3.734527e-02 4.612112e-02
3.734527e-02 4.612112e-02
3.734527e-02 4.612112e-02
3.734527e-02 4.612112e-02
3.734527e-02 4.612112e-02
3.734527e-02 4.612112e-02
3.734527e-02 4.612112e-02
3.734527e-02 4.612112e-02
3.734527e-02 4.612112e-02
3.734527e-02 4.612112e-02
3.734527e-02 4.612112e-02
3.734527e-02 4.612112e-02
3.734527e-02 4.612112e-02
3.734527e-02 4.612112e-02
3.734527e-02 4.612112e-02
3.734527e-02 4.612112e-02
3.734527e-02 4.612112e-02
3.734527e-02 4.612112e-02
3.734527e-02 4.612112e-02
3.734527e-02 4.612112e-02
3.734527e-02 4.612112e-02
3.734527e-02 4.612112e-02
3.734527e-02 4.612112e-02
3.734527e-02 4.612112e-02
3.734527e-02 4.612112e-02
3.734527e-02 4.612112e-02
3.734527e-02 4.612112e-02
3.734527e-02 4.612112e-02
3.734527e-02 4.612112e-02
3.734527e-02 4.612112e-02
3.734527e-02 4.612112e-02
3.734527e-02 4.612112e-02
3.734527e-02 4.612112e-02
3.734527e-02 4.612112e-02
3.734527e-02 4.612112e-02
3.734527e-02 4.612112e-02
3.734527e-02 4.612112e-02
3.734527e-02 4.612112e-02
3.734527e-02 4.612112e-02
3.734527e-02 4.612112e-02
3.734527e-02 4.612112e-02
3.734527e-02 4.612112e-02
3.734527e-02 4.612112e-02
3.734527e-02 4.612112e-02
3.734527e-02 4.612112e-02
3.734527e-02 4.612112e-02
3.734527e-02 4.612112e-02
3.734527e-02 4.612112e-02
3.734527e-02 4.612112e-02
3.734527e-02 4.612112e-02
3.734527e-02 4.612112e-02
3.734527e-02 4.612112e-02
3.734527e-02 4.612112e-02
3.734527e-02 4.612112e-02
3.734527e-02 4.612112e-02
3.734527e-02 4.612112e-02
3.734527e-02 4.612112e-02
3.734527e-02 4.612112e-02
3.734527e-02 4.612112e-02
3.734527e-02 4.612112e-02
3.734527e-02 4.612112e-02
3.734527e-02 4.612112e-02
3.734527e-02 4.612112e-02
3.734527e-02 4.612112e-02
3.734527e-02 4.612112e-02
3.734527e-02 4.612112e-02
3.734527e-02 4.612112e-02
3.734527e-02 4.612112e-02
3.734527e-02 4.612112e-02
3.734527e-02 4.612112e-02
3.734527e-02 4.612112e-02
3.734527e-02 4.612112e-02
3.734527e-02 4.612112e-02
3.734527e-02 4.612112e-02
3.734527e-02 4.612112e-02
3.734527e-02 4.612112e-02
3.734527e-02 4.612112e-02
3.734527e-02 4.612112e-02
3.734527e-02 4.612112e-02
3.734527e-02 4.612112e-02
3.734527e-02 4.612112e-02
3.734527e-02 4.612112e-02
3.734527e-02 4.612112e-02
3.734527e-02 4.612112e-02
3.734527e-02 4.612112e-02
3.734527e-02 4.612112e-02
3.734527e-02 4.612112e-02
3.734527e-02 4.612112e-02
3.734527e-02 4.612112e-02
3.734527e-02 4.612112e-02
3.734527e-02 4.612112e-02
3.734527e-02 4.612112e-02
3.734527e-02 4.612112e-02
3.734527e-02 4.612112e-02
3.734527e-02 4.612112e-02
3.734527e-02 4.612112e-02
3.734527e-02 4.612112e-02
3.734527e-02 4.612112e-02
3.734527e-02 4.612112e-02
3.734527e-02 4.612112e-02
3.734527e-02 4.612112e-02
3.734527e-02 4.612112e-02
3.734527e-02 4.612112e-02
3.734527e-02 4.612112e-02
3.734527e-02 4.612112e-02
3.734527e-02 4.612112e-02
3.734527e-02 4.612112e-02
3.734527e-02 4.612112e-02
3.734527e-02 4.612112e-02
7.692156e-03 2.526935e-02
7.692156e-03 2.526935e-02
9.889787e-03 3.075953e-02
9.889787e-03 3.075953e-02
9.889787e-03 4.283093e-02
9.889787e-03 4.283093e-02
6.593311e-03 2.746562e-02
6.593311e-03 2.746562e-02
4.395576e-03 3.075953e-02
4.395576e-03 3.075953e-02
1.208732e-02 4.063696e-02
1.208732e-02 4.063696e-02
1.208732e-02 3.844259e-02
1.208732e-02 3.844259e-02
1.098857e-02 4.173400e-02
1.098857e-02 4.173400e-02
1.098857e-02 2.746562e-02
1.098857e-02 2.746562e-02
1.538340e-02 3.844259e-02
1.538340e-02 3.844259e-02
1.977764e-02 4.063696e-02
1.977764e-02 4.063696e-02
3.296691e-03 3.185735e-02
3.296691e-03 3.185735e-02
1.098901e-03 1.648202e-02
1.098901e-03 1.648202e-02
1.648202e-02 4.283093e-02
1.648202e-02 4.283093e-02
3.296691e-03 5.494450e-03
3.296691e-03 5.494450e-03
1.867915e-02 3.953982e-02
1.867915e-02 3.953982e-02
2.087609e-02 4.173400e-02
2.087609e-02 4.173400e-02
2.087609e-02 4.173400e-02
2.087609e-02 4.173400e-02
2.307283e-02 4.063696e-02
2.307283e-02 4.063696e-02
6.593311e-03 1.758061e-02
6.593311e-03 1.758061e-02
5.494450e-03 1.428474e-02
5.494450e-03 1.428474e-02
1.538340e-02 2.746562e-02
1.538340e-02 2.746562e-02
2.856366e-02 4.831402e-02
2.856366e-02 4.831402e-02
1.648202e-02 2.746562e-02
1.648202e-02 2.746562e-02
1.318605e-02 2.087609e-02
1.318605e-02 2.087609e-02
1.867915e-02 6.593311e-03
1.867915e-02 6.593311e-03
1.867915e-02 6.593311e-03
1.867915e-02 6.593311e-03
4.502450e-02 3.296691e-03
4.502450e-02 3.296691e-03
4.173400e-02 2.746562e-02
4.173400e-02 2.746562e-02
5.160250e-02 2.087609e-02
5.160250e-02 2.087609e-02
3.844259e-02 1.648202e-02
3.844259e-02 1.648202e-02
3.405277e-02 1.098901e-03
3.405277e-02 1.098901e-03
1.867915e-02 3.624785e-02
1.867915e-02 3.624785e-02
4.831402e-02 6.474455e-02
4.831402e-02 6.474455e-02
7.567936e-02 7.692156e-03
7.567936e-02 7.692156e-03
7.021406e-02 9.889787e-03
7.021406e-02 9.889787e-03
3.075953e-02 5.269842e-02
3.075953e-02 5.269842e-02
7.567936e-02 7.692156e-03
7.567936e-02 7.692156e-03
4.502450e-02 3.405277e-02
4.502450e-02 3.405277e-02
5.708078e-02 1.758061e-02
5.708078e-02 1.758061e-02
9.889787e-03 2.636751e-02
9.889787e-03 2.636751e-02
2.746562e-02 5.160250e-02
2.746562e-02 5.160250e-02
1.116220e-01 1.318605e-02
1.116220e-01 1.318605e-02
8.332312e-02 1.538340e-02
8.332312e-02 1.538340e-02
8.550529e-02 6.593311e-03
8.550529e-02 6.593311e-03
2.087609e-02 4.721763e-02
2.087609e-02 4.721763e-02
4.063696e-02 8.114014e-02
4.063696e-02 8.114014e-02
2.197448e-02 4.941030e-02
2.197448e-02 4.941030e-02
2.307283e-02 4.941030e-02
2.307283e-02 4.941030e-02
2.197448e-02 4.721763e-02
2.197448e-02 4.721763e-02
2.307283e-02 4.721763e-02
2.307283e-02 4.721763e-02
2.307283e-02 4.502450e-02
2.307283e-02 4.502450e-02
1.538340e-02 3.185735e-02
1.538340e-02 3.185735e-02
1.758061e-02 4.502450e-02
1.758061e-02 4.502450e-02
1.867915e-02 4.392777e-02
1.867915e-02 4.392777e-02
1.977764e-02 4.502450e-02
1.977764e-02 4.502450e-02
2.746562e-02 6.583877e-02
2.746562e-02 6.583877e-02
2.197448e-02 5.598539e-02
2.197448e-02 5.598539e-02
1.538340e-02 3.624785e-02
1.538340e-02 3.624785e-02
1.538340e-02 3.624785e-02
1.538340e-02 3.624785e-02
1.538340e-02 3.624785e-02
1.538340e-02 3.624785e-02
1.538340e-02 3.624785e-02
1.538340e-02 3.624785e-02
1.538340e-02 3.624785e-02
1.538340e-02 3.624785e-02
1.538340e-02 3.624785e-02
1.538340e-02 3.624785e-02
1.538340e-02 3.624785e-02
2.307283e-02 3.295510e-02
2.307283e-02 3.295510e-02
1.648202e-02 3.953982e-02
1.648202e-02 3.953982e-02
1.867915e-02 3.953982e-02
1.867915e-02 3.953982e-02
1.758061e-02 3.844259e-02
1.758061e-02 3.844259e-02
1.758061e-02 3.844259e-02
1.758061e-02 3.844259e-02
1.758061e-02 3.844259e-02
1.428474e-02 4.063696e-02
1.428474e-02 4.063696e-02
1.428474e-02 4.392777e-02
1.428474e-02 4.392777e-02
1.208732e-02 3.844259e-02
1.208732e-02 3.844259e-02
2.526935e-02 1.538340e-02
2.526935e-02 1.538340e-02
1.977764e-02 1.867915e-02
1.977764e-02 1.867915e-02
1.977764e-02 1.867915e-02
1.977764e-02 1.867915e-02
1.758061e-02 3.185735e-02
1.758061e-02 3.185735e-02
2.197448e-02 3.185735e-02
2.197448e-02 3.185735e-02
3.185735e-02 2.197448e-02
3.185735e-02 2.197448e-02
2.856366e-02 2.746562e-02
2.856366e-02 2.746562e-02
2.966163e-02 2.966163e-02
2.966163e-02 2.966163e-02
2.197448e-02 3.734527e-02
2.197448e-02 3.734527e-02
2.197448e-02 3.734527e-02
1.538340e-02 3.624785e-02
1.538340e-02 3.624785e-02
1.428474e-02 3.844259e-02
1.428474e-02 3.844259e-02
1.538340e-02 3.953982e-02
1.538340e-02 3.953982e-02
1.648202e-02 3.844259e-02
1.648202e-02 3.844259e-02
1.648202e-02 3.844259e-02
1.648202e-02 3.844259e-02
1.648202e-02 3.844259e-02
1.648202e-02 3.844259e-02
1.648202e-02 3.844259e-02
1.648202e-02 3.844259e-02
1.648202e-02 3.844259e-02
1.648202e-02 3.844259e-02
1.648202e-02 3.844259e-02
1.648202e-02 3.844259e-02
1.648202e-02 3.844259e-02
1.648202e-02 3.844259e-02
1.648202e-02 3.844259e-02
1.648202e-02 3.844259e-02
1.648202e-02 3.844259e-02
1.648202e-02 3.844259e-02
1.648202e-02 3.844259e-02
1.648202e-02 3.844259e-02
1.648202e-02 3.844259e-02
1.648202e-02 3.844259e-02
1.648202e-02 3.844259e-02
1.648202e-02 3.844259e-02
1.648202e-02 3.844259e-02
1.648202e-02 3.844259e-02
1.648202e-02 3.844259e-02
1.648202e-02 3.844259e-02
1.648202e-02 3.844259e-02
1.648202e-02 3.844259e-02
1.648202e-02 3.844259e-02
1.648202e-02 3.844259e-02
1.648202e-02 3.844259e-02
1.648202e-02 3.844259e-02
1.648202e-02 3.844259e-02
1.648202e-02 3.844259e-02
1.648202e-02 3.844259e-02
1.648202e-02 3.844259e-02
1.648202e-02 3.844259e-02
1.648202e-02 3.844259e-02
1.648202e-02 3.844259e-02
1.648202e-02 3.844259e-02
1.648202e-02 3.844259e-02
1.648202e-02 3.844259e-02
1.648202e-02 3.844259e-02
1.648202e-02 3.844259e-02
1.648202e-02 3.844259e-02
1.648202e-02 3.844259e-02
1.648202e-02 3.844259e-02
1.648202e-02 3.844259e-02
1.648202e-02 3.844259e-02
1.648202e-02 3.844259e-02
1.648202e-02 3.844259e-02
1.648202e-02 3.844259e-02
1.648202e-02 3.844259e-02
1.648202e-02 3.844259e-02
1.648202e-02 3.844259e-02
1.648202e-02 3.844259e-02
1.648202e-02 3.844259e-02
1.648202e-02 3.844259e-02
1.648202e-02 3.844259e-02
1.648202e-02 3.844259e-02
1.648202e-02 3.844259e-02
1.648202e-02 3.844259e-02
1.648202e-02 3.844259e-02
1.648202e-02 3.844259e-02
1.648202e-02 3.844259e-02
1.648202e-02 3.844259e-02
1.648202e-02 3.844259e-02
1.648202e-02 3.844259e-02
1.648202e-02 3.844259e-02
1.648202e-02 3.844259e-02
1.648202e-02 3.844259e-02
1.648202e-02 3.844259e-02
1.648202e-02 3.844259e-02
1.648202e-02 3.844259e-02
1.648202e-02 3.844259e-02
1.648202e-02 3.844259e-02
1.648202e-02 3.844259e-02
1.648202e-02 3.844259e-02
1.648202e-02 3.844259e-02
1.648202e-02 3.844259e-02
1.648202e-02 3.844259e-02
1.648202e-02 3.844259e-02
1.648202e-02 3.844259e-02
1.648202e-02 3.844259e-02
1.648202e-02 3.844259e-02
1.648202e-02 3.844259e-02
1.648202e-02 3.844259e-02
1.648202e-02 3.844259e-02
1.648202e-02 3.844259e-02
1.648202e-02 3.844259e-02
1.648202e-02 3.844259e-02
1.648202e-02 3.844259e-02
1.648202e-02 3.844259e-02
1.648202e-02 3.844259e-02
1.648202e-02 3.844259e-02
1.648202e-02 3.844259e-02
1.648202e-02 3.844259e-02
1.648202e-02 3.844259e-02
1.648202e-02 3.844259e-02
1.648202e-02 3.844259e-02
1.648202e-02 3.844259e-02
1.648202e-02 3.844259e-02
1.648202e-02 3.844259e-02
1.648202e-02 3.844259e-02
1.648202e-02 3.844259e-02
1.648202e-02 3.844259e-02
1.648202e-02 3.844259e-02
1.648202e-02 3.844259e-02
1.648202e-02 3.844259e-02
1.648202e-02 3.844259e-02
1.648202e-02 3.844259e-02
1.648202e-02 3.844259e-02
1.648202e-02 3.844259e-02
1.648202e-02 3.844259e-02
1.648202e-02 3.844259e-02
1.648202e-02 3.844259e-02
1.648202e-02 3.844259e-02
1.648202e-02 3.844259e-02
1.648202e-02 3.844259e-02
1.648202e-02 3.844259e-02
1.648202e-02 3.844259e-02
1.648202e-02 3.844259e-02
1.648202e-02 3.844259e-02
1.648202e-02 3.844259e-02
1.648202e-02 3.844259e-02
1.648202e-02 3.844259e-02
1.648202e-02 3.844259e-02
1.648202e-02 3.844259e-02
1.648202e-02 3.844259e-02
1.648202e-02 3.844259e-02
1.648202e-02 3.844259e-02
1.648202e-02 3.844259e-02
1.648202e-02 3.844259e-02
